257,3
257,2
257,1
257,0
256,3
256,2
256,1
256,0
255,3
255,2
255,1
255,0
254,4
254,3
254,2
254,1
254,0
253,4
253,3
253,2
253,1
253,0
252,6
252,5
252,4
252,3
252,2
252,1
252,0
251,6
251,5
251,4
251,3
251,2
251,1
251,0
250,6
250,5
250,4
250,3
250,2
250,1
250,0
249,4
249,3
249,2
249,1
249,0
248,3
248,2
248,1
248,0
247,3
247,2
247,1
247,0
246,4
246,3
246,2
246,1
246,0
245,4
245,3
245,2
245,1
245,0
244,4
244,3
244,2
244,1
244,0
243,4
243,3
243,2
243,1
243,0
242,4
242,3
242,2
242,1
242,0
241,4
241,3
241,2
241,1
241,0
240,4
240,3
240,2
240,1
240,0
239,3
239,2
239,1
239,0
238,4
238,3
238,2
238,1
238,0
237,3
237,2
237,1
237,0
236,3
236,2
236,1
236,0
235,5
235,4
235,3
235,2
235,1
235,0
234,3
234,2
234,1
234,0
233,4
233,3
233,2
233,1
233,0
232,3
232,2
232,1
232,0
231,3
231,2
231,1
231,0
230,3
230,2
230,1
230,0
229,3
229,2
229,1
229,0
228,4
228,3
228,2
228,1
228,0
227,4
227,3
227,2
227,1
227,0
0,575
226,6
226,5
226,4
226,3
226,2
226,1
226,0
225,6
225,5
225,4
225,3
225,2
225,1
225,0
224,6
224,5
224,4
224,3
224,2
224,1
224,0
223,4
223,3
223,2
223,1
223,0
222,3
222,2
222,1
222,0
221,3
221,2
221,1
221,0
220,4
220,3
220,2
220,1
220,0
219,4
219,3
219,2
219,1
219,0
218,4
218,3
218,2
218,1
218,0
217,4
217,3
217,2
217,1
217,0
216,4
216,3
216,2
216,1
216,0
215,4
215,3
215,2
215,1
215,0
214,4
214,3
214,2
214,1
214,0
213,3
213,2
213,1
213,0
212,4
212,3
212,2
212,1
212,0
211,3
211,2
211,1
211,0
210,3
210,2
210,1
210,0
209,5
209,4
209,3
209,2
209,1
209,0
208,3
208,2
208,1
208,0
207,4
207,3
207,2
207,1
207,0
206,3
206,2
206,1
206,0
0,574
0,573
205,3
205,2
205,1
205,0
204,3
204,2
204,1
204,0
203,3
203,2
203,1
203,0
0,572
202,4
202,3
202,2
202,1
202,0
201,4
201,3
201,2
201,1
201,0
200,6
200,5
200,4
200,3
200,2
200,1
200,0
0,571
199,6
199,5
199,4
199,3
199,2
199,1
199,0
198,6
198,5
198,4
198,3
198,2
198,1
198,0
197,4
197,3
197,2
197,1
197,0
196,3
196,2
196,1
196,0
195,3
195,2
195,1
195,0
0,570
194,4
194,3
194,2
194,1
194,0
193,4
193,3
193,2
193,1
193,0
192,4
192,3
192,2
192,1
192,0
191,4
191,3
191,2
191,1
191,0
190,4
190,3
190,2
190,1
190,0
189,4
189,3
189,2
189,1
189,0
188,4
188,3
188,2
188,1
188,0
187,3
187,2
187,1
187,0
186,4
186,3
186,2
186,1
186,0
185,3
185,2
185,1
185,0
184,3
184,2
184,1
184,0
183,5
183,4
183,3
183,2
183,1
183,0
182,3
182,2
182,1
182,0
181,4
181,3
181,2
181,1
181,0
180,3
180,2
180,1
180,0
0,569
179,3
179,2
179,1
179,0
178,3
178,2
178,1
178,0
177,3
177,2
177,1
177,0
176,4
176,3
176,2
176,1
176,0
175,4
175,3
175,2
175,1
175,0
174,6
174,5
174,4
174,3
174,2
174,1
174,0
173,6
173,5
173,4
173,3
173,2
173,1
173,0
172,6
172,5
172,4
172,3
172,2
172,1
172,0
171,4
171,3
171,2
171,1
171,0
170,3
170,2
170,1
170,0
169,3
169,2
169,1
169,0
168,4
168,3
168,2
168,1
168,0
167,4
167,3
167,2
167,1
167,0
166,4
166,3
166,2
166,1
166,0
165,4
165,3
165,2
165,1
165,0
164,4
164,3
164,2
164,1
164,0
163,4
163,3
163,2
163,1
163,0
162,4
162,3
162,2
162,1
162,0
161,3
161,2
161,1
161,0
0,568
160,4
160,3
160,2
160,1
160,0
159,3
159,2
159,1
159,0
158,3
158,2
158,1
158,0
157,5
157,4
157,3
157,2
157,1
157,0
156,3
156,2
156,1
156,0
155,4
155,3
155,2
155,1
155,0
154,3
154,2
154,1
154,0
153,3
153,2
153,1
153,0
152,3
152,2
152,1
152,0
151,3
151,2
151,1
151,0
150,4
150,3
150,2
150,1
150,0
149,4
149,3
149,2
149,1
149,0
148,6
148,5
148,4
148,3
148,2
148,1
148,0
147,6
147,5
147,4
147,3
147,2
147,1
147,0
146,6
146,5
146,4
146,3
146,2
146,1
146,0
145,4
145,3
145,2
145,1
145,0
144,3
144,2
144,1
144,0
143,3
143,2
143,1
143,0
142,4
142,3
142,2
142,1
142,0
141,4
141,3
141,2
141,1
141,0
140,4
140,3
140,2
140,1
140,0
139,4
139,3
139,2
139,1
139,0
138,4
138,3
138,2
138,1
138,0
137,4
137,3
137,2
137,1
137,0
136,4
136,3
136,2
136,1
136,0
135,3
135,2
135,1
135,0
134,4
134,3
134,2
134,1
134,0
133,3
133,2
133,1
133,0
132,3
132,2
132,1
132,0
131,5
131,4
131,3
131,2
131,1
131,0
130,3
130,2
130,1
130,0
129,4
129,3
129,2
129,1
129,0
128,3
128,2
128,1
128,0
0,567
127,3
127,2
127,1
127,0
126,3
126,2
126,1
126,0
125,3
125,2
125,1
125,0
124,4
124,3
124,2
124,1
124,0
123,4
123,3
123,2
123,1
123,0
122,6
122,5
122,4
122,3
122,2
122,1
122,0
121,6
121,5
121,4
121,3
121,2
121,1
121,0
120,6
120,5
120,4
120,3
120,2
120,1
120,0
119,4
119,3
119,2
119,1
119,0
118,3
118,2
118,1
118,0
117,3
117,2
117,1
117,0
116,4
116,3
116,2
116,1
116,0
115,4
115,3
115,2
115,1
115,0
114,4
114,3
114,2
114,1
114,0
113,4
113,3
113,2
113,1
113,0
112,4
112,3
112,2
112,1
112,0
111,4
111,3
111,2
111,1
111,0
110,4
110,3
110,2
110,1
110,0
109,3
109,2
109,1
109,0
108,4
108,3
108,2
108,1
108,0
107,3
107,2
107,1
107,0
106,3
106,2
106,1
106,0
105,5
105,4
105,3
105,2
105,1
105,0
104,3
104,2
104,1
104,0
103,4
103,3
103,2
103,1
103,0
102,3
102,2
102,1
102,0
0,310
0,305
0,308
0,307
0,302
0,304
0,303
0,12
0,10
0,8
0,0
0,416
0,415
0,300
0,414
0,413
0,299
0,523
0,497
0,298
0,496
0,412
0,297
0,498
0,411
0,296
0,493
0,410
0,295
0,556
0,492
0,294
0,495
0,409
0,293
0,522
0,407
0,292
0,560
0,406
0,291
0,544
0,405
0,290
0,552
0,521
0,289
0,543
0,520
0,288
0,542
0,404
0,287
0,491
0,403
0,286
0,490
0,402
0,285
0,489
0,400
0,284
0,488
0,399
0,283
0,487
0,401
0,282
0,398
0,397
0,281
0,555
0,396
0,280
0,395
0,394
0,279
0,393
0,392
0,278
0,391
0,390
0,277
0,389
0,388
0,276
0,566
0,541
0,275
0,486
0,387
0,274
0,485
0,386
0,273
0,484
0,385
0,272
0,483
0,482
0,271
0,551
0,384
0,270
0,540
0,383
0,269
0,519
0,382
0,268
0,481
0,381
0,267
0,518
0,480
0,266
0,550
0,517
0,265
0,479
0,380
0,264
0,478
0,379
0,263
0,477
0,378
0,262
0,476
0,475
0,261
0,516
0,377
0,260
0,554
0,376
0,259
0,474
0,375
0,258
0,549
0,374
0,257
0,559
0,473
0,256
0,515
0,472
0,255
0,548
0,373
0,254
0,471
0,372
0,253
0,470
0,371
0,252
0,539
0,469
0,251
0,468
0,370
0,250
0,467
0,369
0,249
0,514
0,368
0,248
0,558
0,367
0,247
0,547
0,513
0,246
0,512
0,466
0,245
0,465
0,366
0,244
0,538
0,365
0,242
0,464
0,364
0,241
0,463
0,363
0,240
0,537
0,462
0,239
79,1
1,3
3,0
3,1
3,3
76,0
80,1
76,2
76,3
78,1
78,3
79,2
80,2
81,0
81,2
82,0
82,1
82,3
82,4
83,1
83,2
84,0
84,2
84,3
85,0
85,1
85,3
86,0
86,1
86,3
86,4
88,1
88,3
88,4
90,1
90,2
90,4
93,0
93,2
93,4
96,0
96,2
96,3
96,5
98,0
98,1
98,3
98,4
99,1
99,2
100,0
100,2
100,3
101,1
101,2
101,3
101,0
100,1
99,3
99,0
98,2
96,6
96,4
96,1
93,3
93,1
90,3
90,0
88,2
88,0
86,2
85,4
85,2
84,4
84,1
83,3
83,0
82,2
81,3
81,1
79,4
78,2
78,0
76,1
80,3
80,0
79,5
1,1
79,3
1,0
79,0
0,494
0,408
2,1
0,322
2,3
0,243
2,0
0,9
0,461
0,362
0,238
0,460
0,361
0,237
0,536
0,360
0,236
0,563
0,359
0,235
0,562
0,511
0,234
0,510
0,459
0,233
0,458
0,358
0,232
0,457
0,357
0,231
0,534
0,356
0,230
0,533
0,355
0,229
0,535
0,354
0,228
0,532
0,353
0,227
0,509
0,456
0,226
0,455
0,352
0,225
0,454
0,351
0,224
0,508
0,350
0,223
0,531
0,349
0,222
0,561
0,453
0,221
0,530
0,452
0,220
0,451
0,348
0,219
0,565
0,347
0,218
0,564
0,346
0,217
0,529
0,345
0,216
0,450
0,344
0,215
0,557
0,343
0,214
0,527
0,342
0,213
0,526
0,341
0,212
0,528
0,340
0,211
0,525
0,339
0,210
0,448
0,338
0,209
0,447
0,337
0,208
0,449
0,336
0,207
0,446
0,445
0,206
0,444
0,335
0,205
0,443
0,334
0,204
0,442
0,333
0,203
0,441
0,332
0,202
0,440
0,439
0,201
0,546
0,507
0,200
0,506
0,331
0,199
0,438
0,330
0,198
0,437
0,329
0,197
0,505
0,328
0,196
0,553
0,435
0,195
0,545
0,434
0,194
0,436
0,327
0,193
0,433
0,326
0,192
0,432
0,325
0,63
0,431
0,324
0,62
0,430
0,323
0,61
0,429
0,321
0,60
0,428
0,427
0,59
0,504
0,320
0,58
0,426
0,319
0,57
0,425
0,318
0,56
0,502
0,317
0,55
0,524
0,503
0,54
0,500
0,424
0,53
0,499
0,316
0,52
0,501
0,315
0,51
0,422
0,314
0,50
0,421
0,313
0,49
0,423
0,312
0,48
0,420
0,311
0,47
0,419
0,309
0,46
0,418
0,306
0,45
0,417
0,301
0,6
0,5
0,1
0,11
0,4
0,2
0,3
0,7
